2016102505
2016102509
2016102522
2016102602
2016102603
2016102611
2016102613
2016102615
2016102619
2016102620
2016102621
2016102628
2016102629
2016102701
2016102704
2016102722
2016102723
2016102803
2016102806
2016102808
2016102814
2016102817
2016102825
2016102826
2016102828
2016102904
2016102905
2016102907
2016102915
2016102918
2016102920
2016102923
2016102924
2016102930
2016103008
2016103010
2016103012
2016103014
2016103021
2016103025
2016103029
2016103101
2016103112
2016103117
2016103128
2016110103
2016110105
2016110108
2016110111
2016110114
2016110116
2016110120
2016110122
2016110124
2016110201
2016110202
2016110212
2016110217
2016110218
2016110221
2016110226
2016110227
2016110229
2016110230
2016110305
2016110309
2016110315
2016110316
2016110319
2016110403
2016110404
2016110406
2016110413
2016110417
2016110426
2016110427
2016110428
2016110429
2016110501
2016110508
2016110511
2016110515
2016110519
2016110520
2016110524
2016110525
2016110602
2016110606
2016110613
2016110618
2016110628
2016110629
2016110704
2016110709
2016110712
2016110720
2016110725
2016110727
2016110730
2016110805
2016110813
2016110817
2016110822
2016110823
2016110829
2016110901
2016110909
2016110911
2016110912
2016110918
2016110919
2016110921
2016110924
2016110925
2016110927
2016110930
2016111007
2016111014
2016111015
2016111023
2016111102
2016111119
2016111120
2016111122
2016111124
2016111125
2016111127
2016111130
2016111201
2016111203
2016111204
2016111207
2016111210
2016111211
2016111214
2016111215
2016111216
2016111221
2016111228
2016111305
2016111309
2016111316
2016111322
2016111325
2016111403
2016111408
2016111410
2016111411
2016111412
2016111418
2016111424
2016111426
2016111505
2016111513
2016111514
2016111516
2016111522
2016111601
2016111602
2016111607
2016111611
2016111612
2016111618
2016111619
2016111620
2016111623
2016111625
2016111628
2016111710
2016111714
2016111716
2016111726
2016111727
2016111802
2016111803
2016111805
2016111806
2016111807
2016111811
2016111813
2016111823
2016111825
2016111830
2016111903
2016111908
2016111910
2016111912
2016111915
2016111919
2016111920
2016111927
2016111929
2016112007
2016112013
2016112017
2016112018
2016112023
2016112025
2016112108
2016112111
2016112112
2016112115
2016112116
2016112120
2016112124
2016112127
2016112130
2016112201
2016112207
2016112213
2016112218
2016112303
2016112305
2016112306
2016112308
2016112309
2016112310
2016112311
2016112317
2016112319
2016112320
2016112323
2016112326
2016112330
2016112502
2016112505
2016112507
2016112508
2016112511
2016112513
2016112515
2016112518
2016112519
2016112520
2016112521
2016112522
2016112523
2016112526
2016112529
2016112609
2016112614
2016112625
2016112627
2016112630
2016112706
2016112711
2016112713
2016112717
2016112719
2016112720
2016112721
2016112722
2016112809
2016112814
2016112816
2016112818
2016112827
2016112828
2016112829
2016112903
2016112915
2016112917
2016112924
2016112926
2016112930
2016113002
2016113004
2016113006
2016113007
2016113016
2016113021
2016113022
2016113025
2016113028
2016120105
2016120109
2016120117
2016120126
2016120129
2016120130
2016120201
2016120202
2016120203
2016120204
2016120207
2016120218
2016120220
2016120224
2016120228
2016120306
2016120309
2016120315
2016120320
2016120322
2016120326
2016120328
2016120329
2016120330
2016120408
2016120412
2016120418
2016120425
2016120501
2016120503
2016120504
2016120506
2016120509
2016120510
2016120513
2016120515
2016120517
2016120520
2016120528
2016120608
2016120614
2016120616
2016120626
2016120627
2016120629
2016120701
2016120706
2016120710
2016120712
2016120715
2016120717
2016120718
2016120719
2016120721
2016120730
2016120803
2016120804
2016120826
2016120827
2016120828
2016120829
2016120902
2016120905
2016120906
2016120913
2016120915
2016120916
2016120923
2016120925
2016120930
2016121004
2016121005
2016121010
2016121011
2016121012
2016121019
2016121024
2016121026
2016121027
2016121029
2016121108
2016121113
2016121116
2016121121
2016121125
2016121206
2016121210
2016121211
2016121212
2016121214
2016121223
2016121228
2016121301
2016121303
2016121304
2016121305
2016121321
2016121322
2016121406
2016121410
2016121414
2016121417
2016121419
2016121420
2016121424
2016121426
2016121427
2016121429
2016121503
2016121507
2016121509
2016121515
2016121521
2016121602
2016121604
2016121610
2016121614
2016121619
2016121620
2016121626
2016121627
2016121628
2016121629
2016121701
2016121705
2016121707
2016121708
2016121709
2016121716
2016121725
2016121806
2016121814
2016121819
2016121820
2016121824
2016121827
2016121829
2016121904
2016121907
2016121911
2016121916
2016121925
2016122009
2016122010
2016122012
2016122014
2016122015
2016122018
2016122020
2016122023
2016122029
2016122030
2016122101
2016122103
2016122104
2016122105
2016122108
2016122121
2016122122
2016122126
2016122211
2016122212
2016122214
2016122217
2016122218
2016122302
2016122303
2016122305
2016122307
2016122308
2016122312
2016122315
2016122316
2016122319
2016122321
2016122322
2016122326
2016122329
2016122330
2016122505
2016122513
2016122518
2016122524
2016122525
2016122603
2016122604
2016122608
2016122610
2016122612
2016122616
2016122617
2016122619
2016122622
2016122623
2016122627
2016122702
2016122706
2016122713
2016122714
2016122801
2016122803
2016122804
2016122807
2016122808
2016122809
2016122819
2016122822
2016122824
2016122827
2016122905
2016122913
2016122921
2016122926
2016122929
2016122930
2016123001
2016123002
2016123003
2016123007
2016123009
2016123010
2016123011
2016123016
2016123024
2016123027
2016123104
2016123110
2016123123
2016123125
2016123126
2016123130
2017010101
2017010111
2017010113
2017010114
2017010116
2017010204
2017010205
2017010209
2017010210
2017010212
2017010215
2017010217
2017010218
2017010302
2017010306
2017010307
2017010308
2017010313
2017010320
2017010321
2017010324
2017010405
2017010409
2017010412
2017010418
2017010419
2017010423
2017010430
2017010503
2017010506
2017010507
2017010508
2017010510
2017010511
2017010522
2017010528
2017010602
2017010609
2017010613
2017010615
2017010617
2017010619
2017010623
2017010627
2017010702
2017010704
2017010706
2017010711
2017010716
2017010724
2017010725
2017010812
2017010813
2017010815
2017010817
2017010821
2017010822
2017010823
2017010828
2017010829
2017010904
2017010916
2017010918
2017011009
2017011010
2017011013
2017011017
2017011023
2017011024
2017011026
2017011027
2017011028
2017011102
2017011112
2017011116
2017011120
2017011122
2017011125
2017011209
2017011217
2017011218
2017011224
2017011301
2017011310
2017011315
2017011316
2017011320
2017011322
2017011323
2017011326
2017011328
2017011404
2017011412
2017011426
2017011427
2017011501
2017011506
2017011513
2017011517
2017011523
2017011528
2017011529
2017011602
2017011607
2017011609
2017011611
2017011612
2017011615
2017011618
2017011621
2017011627
2017011704
2017011713
2017011714
2017011717
2017011724
2017011802
2017011803
2017011808
2017011809
2017011810
2017011820
2017011823
2017011827
2017011830
2017011905
2017011912
2017011914
2017011918
2017011924
2017012001
2017012003
2017012006
2017012010
2017012013
2017012019
2017012020
2017012029
2017012030
2017012101
2017012102
2017012104
2017012105
2017012107
2017012108
2017012114
2017012118
2017012126
2017012129
2017012130
2017012206
2017012216
2017012219
2017012228
2017012301
2017012303
2017012308
2017012311
2017012314
2017012315
2017012317
2017012326
2017012330
2017012407
2017012419
2017012420
2017012421
2017012427
2017012428
2017012502
2017012503
2017012504
2017012505
2017012506
2017012515
2017012517
2017012522
2017012529
2017012530
2017012607
2017012616
2017012625
2017012626
2017012701
2017012702
2017012703
2017012704
2017012705
2017012711
2017012718
2017012720
2017012722
2017012728
2017012809
2017012814
2017012815
2017012816
2017012821
2017012826
2017012830
2017012901
2017012903
2017012904
2017012905
2017012911
2017012922
2017012924
2017012928
2017013002
2017013006
2017013014
2017013016
2017013020
2017013021
2017013110
2017013113
2017013122
2017013124
2017013127
2017013128
2017020102
2017020105
2017020106
2017020107
2017020108
2017020109
2017020114
2017020117
2017020119
2017020121
2017020125
2017020126
2017020210
2017020212
2017020224
2017020227
2017020302
2017020307
2017020308
2017020310
2017020317
2017020319
2017020322
2017020323
2017020325
2017020401
2017020411
2017020414
2017020416
2017020418
2017020421
2017020423
2017020424
2017020426
2017020427
2017020502
2017020517
2017020525
2017020601
2017020603
2017020607
2017020608
2017020611
2017020616
2017020618
2017020623
2017020627
2017020628
2017020629
2017020706
2017020710
2017020730
2017020801
2017020803
2017020808
2017020809
2017020811
2017020815
2017020816
2017020817
2017020818
2017020820
2017020823
2017020829
2017020906
2017020919
2017020922
2017020925
2017020930
2017021008
2017021015
2017021016
2017021017
2017021018
2017021021
2017021023
2017021027
2017021029
2017021105
2017021106
2017021110
2017021111
2017021120
2017021125
2017021126
2017021130
2017021216
2017021218
2017021223
2017021228
2017021306
2017021307
2017021311
2017021314
2017021315
2017021317
2017021321
2017021322
2017021326
2017021327
2017021330
2017021404
2017021413
2017021416
2017021502
2017021505
2017021507
2017021508
2017021509
2017021510
2017021512
2017021517
2017021519
2017021521
2017021525
2017021526
2017021528
2017021529
2017021604
2017021611
2017022303
2017022305
2017022308
2017022309
2017022319
2017022323
2017022401
2017022404
2017022407
2017022411
2017022412
2017022415
2017022416
2017022420
2017022425
2017022428
2017022505
2017022506
2017022509
2017022510
2017022514
2017022518
2017022519
2017022523
2017022607
2017022608
2017022612
2017022613
2017022615
2017022625
2017022627
2017022628
2017022702
2017022705
2017022706
2017022710
2017022718
2017022720
2017022723
2017022804
2017022808
2017022813
2017022825
2017022827
2017022829
2017030101
2017030102
2017030103
2017030112
2017030114
2017030115
2017030119
2017030123
2017030124
2017030126
2017030128
2017030204
2017030221
2017030222
2017030301
2017030303
2017030306
2017030313
2017030315
2017030319
2017030320
2017030321
2017030326
2017030327
2017030404
2017030407
2017030410
2017030414
2017030415
2017030420
2017030422
2017030424
2017030501
2017030506
2017030513
2017030518
2017030521
2017030523
2017030527
2017030601
2017030605
2017030607
2017030608
2017030612
2017030619
2017030620
2017030624
2017030626
2017030629
2017030630
2017030706
2017030721
2017030725
2017030801
2017030803
2017030807
2017030809
2017030810
2017030811
2017030814
2017030815
2017030816
2017030819
2017030824
2017030908
2017030921
2017030922
2017030925
2017030929
2017031001
2017031004
2017031006
2017031007
2017031015
2017031016
2017031023
2017031030
2017031106
2017031108
2017031112
2017031114
2017031115
2017031119
2017031122
2017031123
2017031124
2017031125
2017031129
2017031130
2017031202
2017031210
2017031211
2017031213
2017031217
2017031221
2017031307
2017031316
2017031323
2017031324
2017031326
2017031328
2017031329
2017031330
2017031403
2017031405
2017031409
2017031417
2017031418
2017031502
2017031504
2017031508
2017031510
2017031511
2017031512
2017031514
2017031521
2017031524
2017031527
2017031601
2017031605
2017031607
2017031609
2017031618
2017031628
2017031703
2017031708
2017031713
2017031714
2017031717
2017031720
2017031721
2017031727
2017031801
2017031804
2017031807
2017031809
2017031812
2017031825
2017031829
2017031830
2017031903
2017031908
2017031913
2017031914
2017031917
2017031920
2017031924
2017031928
2017032002
2017032010
2017032011
2017032012
2017032019
2017032025
2017032030
2017032103
2017032106
2017032113
2017032114
2017032116
2017032117
2017032122
2017032128
2017032202
2017032204
2017032207
2017032219
2017032223
2017032225
2017032226
2017032227
2017032306
2017032314
2017032317
2017032322
2017032324
2017032402
2017032404
2017032409
2017032410
2017032411
2017032413
2017032415
2017032419
2017032427
2017032430
2017032505
2017032506
2017032512
2017032522
2017032524
2017032601
2017032602
2017032607
2017032609
2017032610
2017032611
2017032612
2017032613
2017032615
2017032630
2017032706
2017032718
2017032723
2017032724
2017032726
2017032728
2017032801
2017032808
2017032810
2017032811
2017032813
2017032817
2017032822
2017032830
2017032902
2017032903
2017032912
2017032918
2017032919
2017032920
2017032923
2017032924
2017032928
2017032929
2017033004
2017033008
2017033016
2017033021
2017033022
2017033102
2017033103
2017033105
2017033109
2017033114
2017033115
2017033125
2017033126
2017033128
2017033129
2017033130
2017040104
2017040112
2017040116
2017040117
2017040122
2017040203
2017040205
2017040209
2017040213
2017040214
2017040215
2017040217
2017040218
2017040221
2017040224
2017040225
2017040228
2017040316
2017040403
2017040405
2017040409
2017040411
2017040418
2017040420
2017040423
2017040424
2017040425
2017040426
2017040427
2017040502
2017040508
2017040510
2017040512
2017040521
2017040524
2017040529
2017040530
2017040601
2017040611
2017040618
2017040619
2017040620
2017040622
2017040705
2017040706
2017040707
2017040710
2017040713
2017040721
2017040726
2017040728
2017040729
2017040809
2017040817
2017040819
2017040820
2017040822
2017040824
2017040827
2017040830
2017040901
2017040907
2017040913
2017040918
2017040921
2017040923
2017040929
2017041002
2017041004
2017041008
2017041009
2017041012
2017041014
2017041015
2017041020
2017041022
2017041101
2017041106
2017041113
2017041116
2017041123
2017041202
2017041204
2017041205
2017041209
2017041210
2017041211
2017041212
2017041214
2017041218
2017041219
2017041222
2017041225
2017041226
2017041229
2017041505
2017041512
2017041524
2017041528
2017041602
2017041609
2017041610
2017041627
2017041705
2017041724
2017041802
2017041812
2017041828
2017041909
2017041910
2017041927
2017042011
2017042015
2017042029
2017042104
2017042125
2017042126
2017042201
2017042215
2017042222
2017042229
2017042304
2017042311
2017042325
2017042326
2017042401
2017042422
2017042428
2017042510
2017042512
2017042524
2017042602
2017042627
2017042715
2017042729
2017042801
2017042804
2017042826
2017043002
2017043012
2017050105
2017050124
2017050202
2017050209
2017050305
2017050324
2017050409
2017050427
2017050510
2017050528
2017050626
2017050710
2017050727
2017050728
2017050826
2017050924
2017051002
2017051110
2017051227
2017051409
2017051502
2017051609
2017051702
2017051902
2017052024
2017052105
2017052224
2017052305
2017052502
2017060109
2017060409
2017060705
2017060905
2017061209